33744,2098249312
60
0 257 176 95 71 156 0 
0 61 229 96 299 170 0 
0 165 222 81 65 77 0 
0 92 62 37 87 51 0 
0 112 228 262 246 245 0 
0 70 32 50 98 121 0 
0 120 106 172 181 255 0 
0 48 97 167 11 75 0 
0 232 223 296 261 141 0 
0 39 107 118 166 25 0 
0 19 200 45 34 298 0 
0 139 157 130 131 72 0 
0 127 47 196 36 83 0 
0 239 254 53 297 276 0 
0 244 221 138 113 133 0 
0 186 101 274 148 90 0 
0 290 145 55 240 125 0 
0 202 74 294 211 15 0 
0 104 292 27 33 7 0 
0 265 84 162 285 26 0 
0 150 189 63 49 227 0 
0 234 60 147 188 28 0 
0 119 242 207 182 103 0 
0 269 185 68 24 224 0 
0 124 220 116 195 134 0 
0 197 91 86 213 30 0 
0 260 5 252 66 135 0 
0 143 283 214 146 122 0 
0 282 8 198 160 288 0 
0 174 180 82 199 236 0 
0 247 13 102 41 108 0 
0 69 29 237 93 259 0 
0 250 115 153 278 187 0 
0 212 31 183 169 6 0 
0 289 136 206 1 249 0 
0 233 16 175 230 151 0 
0 286 2 54 44 85 0 
0 178 163 58 263 231 0 
0 114 184 219 117 43 0 
0 205 275 23 190 258 0 
0 100 209 12 161 59 0 
0 243 272 140 267 164 0 
0 226 251 216 88 109 0 
0 52 218 105 46 235 0 
0 192 287 9 129 73 0 
0 132 270 78 10 268 0 
0 123 18 217 201 22 0 
0 241 271 89 280 204 0 
0 208 21 215 248 291 0 
0 155 159 110 149 111 0 
0 293 203 142 256 40 0 
0 281 266 194 3 17 0 
0 238 177 277 99 80 0 
0 94 67 225 56 76 0 
0 295 193 191 35 284 0 
0 171 4 79 154 126 0 
0 273 128 173 14 179 0 
0 253 20 57 137 168 0 
0 264 144 42 279 210 0 
0 38 152 64 158 0 