29083,4347429252
50
0 257 176 95 71 156 92 0 
0 61 229 96 299 170 48 0 
0 165 222 81 65 77 120 0 
0 62 37 87 51 107 39 0 
0 112 228 262 246 245 19 0 
0 70 32 50 98 121 106 0 
0 232 223 296 261 141 118 0 
0 139 157 130 131 72 244 0 
0 45 200 97 167 11 186 0 
0 172 181 255 150 63 127 0 
0 239 254 53 297 276 207 0 
0 83 36 196 148 101 274 0 
0 34 298 55 240 125 145 0 
0 47 90 189 49 227 260 0 
0 290 292 104 25 166 265 0 
0 221 138 113 133 202 234 0 
0 28 119 242 197 91 188 0 
0 60 147 213 86 82 174 0 
0 84 162 285 26 224 24 0 
0 27 33 7 185 269 68 0 
0 74 294 211 15 282 30 0 
0 75 143 283 214 146 247 0 
0 182 103 124 220 116 134 0 
0 5 195 178 163 58 252 0 
0 180 212 8 198 160 288 0 
0 66 135 102 41 108 289 0 
0 69 29 237 93 259 286 0 
0 250 115 153 278 187 114 0 
0 13 100 209 122 151 233 0 
0 199 236 226 251 183 31 0 
0 6 169 184 219 117 52 0 
0 205 275 23 190 258 140 0 
0 136 206 1 249 10 78 0 
0 16 175 230 161 12 132 0 
0 243 272 267 263 231 164 0 
0 192 287 9 129 73 271 0 
0 85 2 54 44 204 280 0 
0 123 18 217 201 109 88 0 
0 270 59 268 293 203 142 0 
0 216 281 266 194 3 22 0 
0 218 105 46 235 67 94 0 
0 241 295 76 225 56 110 0 
0 208 21 215 248 291 177 0 
0 43 155 159 149 111 193 0 
0 238 256 40 273 128 173 0 
0 89 191 35 284 17 79 0 
0 171 4 154 126 42 144 0 
0 99 277 80 38 152 64 0 
0 253 20 57 137 168 210 0 
0 264 279 158 179 14 0 