40523,4318553032
75
0 257 176 95 71 0 
0 156 92 62 37 0 
0 61 229 96 299 0 
0 165 222 81 65 0 
0 112 228 262 246 0 
0 70 32 50 120 0 
0 48 170 45 200 0 
0 232 223 296 261 0 
0 87 51 107 39 0 
0 98 121 127 106 0 
0 19 245 34 298 0 
0 139 157 130 131 0 
0 118 166 141 25 0 
0 77 172 181 239 0 
0 83 36 196 47 0 
0 244 72 221 138 0 
0 254 53 297 276 0 
0 186 101 274 148 0 
0 290 145 55 240 0 
0 255 150 189 63 0 
0 97 167 11 75 0 
0 202 133 113 234 0 
0 104 292 27 33 0 
0 265 84 162 285 0 
0 90 49 227 260 0 
0 28 119 242 207 0 
0 60 147 188 213 0 
0 269 185 7 68 0 
0 74 294 211 15 0 
0 182 103 124 220 0 
0 197 91 86 30 0 
0 125 24 224 26 0 
0 5 134 195 116 0 
0 252 66 135 289 0 
0 143 283 214 247 0 
0 282 8 198 160 0 
0 174 180 82 199 0 
0 69 29 237 93 0 
0 250 115 153 288 0 
0 13 102 41 108 0 
0 212 31 183 6 0 
0 233 16 175 146 0 
0 286 259 2 85 0 
0 178 163 58 136 0 
0 114 169 184 278 0 
0 205 275 23 190 0 
0 100 209 122 151 0 
0 236 226 251 117 0 
0 243 272 258 140 0 
0 187 52 218 105 0 
0 206 1 249 132 0 
0 192 287 9 129 0 
0 123 18 217 208 0 
0 54 44 73 271 0 
0 219 155 159 43 0 
0 270 59 12 161 0 
0 267 263 231 164 0 
0 216 88 109 201 0 
0 230 78 10 268 0 
0 241 94 67 235 0 
0 21 215 248 291 0 
0 46 110 149 111 0 
0 293 203 142 256 0 
0 281 266 194 3 0 
0 238 177 277 99 0 
0 22 171 4 79 0 
0 280 204 89 295 0 
0 40 273 128 173 0 
0 35 191 193 225 0 
0 76 56 284 17 0 
0 253 20 57 264 0 
0 154 126 42 144 0 
0 80 38 152 64 0 
0 14 179 158 210 0 
0 168 137 279 0 