52122,3347525459
100
0 257 176 95 0 
0 71 156 92 0 
0 61 229 96 0 
0 165 222 81 0 
0 62 37 87 0 
0 112 228 262 0 
0 70 32 50 0 
0 65 77 172 0 
0 120 98 121 0 
0 48 299 170 0 
0 232 223 296 0 
0 39 107 118 0 
0 19 245 246 0 
0 139 157 130 0 
0 45 200 97 0 
0 51 202 133 0 
0 106 127 47 0 
0 181 255 150 0 
0 261 141 25 0 
0 239 254 53 0 
0 83 36 196 0 
0 244 131 72 0 
0 34 298 55 0 
0 186 101 274 0 
0 290 145 292 0 
0 166 104 27 0 
0 221 138 113 0 
0 167 11 75 0 
0 148 90 63 0 
0 265 84 162 0 
0 189 49 227 0 
0 234 60 147 0 
0 28 119 242 0 
0 188 213 86 0 
0 297 276 103 0 
0 207 182 197 0 
0 269 185 7 0 
0 240 125 33 0 
0 74 294 211 0 
0 124 220 116 0 
0 285 26 224 0 
0 15 282 8 0 
0 91 30 174 0 
0 260 5 134 0 
0 68 24 286 0 
0 252 66 135 0 
0 143 283 214 0 
0 195 178 163 0 
0 180 82 199 0 
0 247 13 102 0 
0 69 29 237 0 
0 250 115 153 0 
0 212 198 160 0 
0 289 41 108 0 
0 288 114 6 0 
0 233 16 175 0 
0 31 183 169 0 
0 205 275 23 0 
0 93 259 2 0 
0 136 206 1 0 
0 100 209 122 0 
0 236 226 251 0 
0 278 187 52 0 
0 146 151 230 0 
0 243 272 258 0 
0 58 263 231 0 
0 192 287 9 0 
0 85 54 44 0 
0 184 219 117 0 
0 249 10 78 0 
0 140 190 248 0 
0 132 270 59 0 
0 123 18 217 0 
0 12 161 268 0 
0 267 164 238 0 
0 216 88 109 0 
0 218 105 46 0 
0 241 271 73 0 
0 208 21 215 0 
0 43 155 159 0 
0 129 280 204 0 
0 201 22 171 0 
0 293 203 142 0 
0 281 266 194 0 
0 235 67 94 0 
0 177 291 99 0 
0 110 149 111 0 
0 256 40 273 0 
0 295 76 225 0 
0 89 56 193 0 
0 35 191 284 0 
0 277 80 38 0 
0 3 17 79 0 
0 4 154 126 0 
0 128 173 14 0 
0 253 20 57 0 
0 264 144 42 0 
0 179 64 152 0 
0 168 210 158 0 
0 137 279 0 